((("ft_putnbr" .
   [2 0 0 0 0 0 0 0 0])
  ("00" .
   [1 0])
  ("ft_push_elmt_back" .
   [1 0 0 0 0 0 0 0 0 0 0 0 0 0 0 0 0])
  ("memindex" .
   [1 0 0 0 0 0 0 0])
  ("memnew" .
   [2 0 0 0 0 0])
  ("ft_inter" .
   [1 0 0 0 0 0 0 0])
  ("nb" .
   [2 0])
  ("begin_list" .
   [0 0 0 0 0 1 0 0 0 0])
  ("bool" .
   [6 0 0 0])
  ("static" .
   [1 0 0 0 0 0])
  ("ft_error" .
   [5 0 0 0 0 0 0 0])
  ("ft_partcmpd" .
   [0 0 0 0 0 0 0 2 0 0 0])
  ("sort" .
   [28 0 0 0])
  ("test" .
   [3 0 0 0])
  ("LG4" .
   [1 0 0])
  ("()" .
   [0 1])
  ("ft_print_list" .
   [5 0 0 0 0 0 0 3 3 0 1 1 1])
  ("stdlib" .
   [1 0 0 0 0 0])
  ("dj2" .
   [2 0 0])
  ("j2" .
   [12 0])
  ("i2" .
   [10 0])
  ("ft_first_c_inmap" .
   [0 0 0 0 0 0 0 0 0 0 1 0 0 0 0 0])
  ("tnew" .
   [4 0 0 0])
  ("tindex" .
   [4 0 0 0 0 0])
  ("index" .
   [21 0 0 0 0])
  ("break" .
   [3 0 0 0 0])
  ("tab_index" .
   [2 0 0 0 0 0 0 0 0])
  ("tab_new" .
   [5 0 0 0 0 0 0])
  ("count" .
   [7 0 0 0 0])
  ("26" .
   [2 0])
  ("shift" .
   [5 0 0 0 0])
  ("list" .
   [4 0 0 0])
  ("p_list" .
   [10 0 0 0 0 0])
  ("start" .
   [11 0 0 0 0])
  ("ft_get_piece" .
   [0 0 0 1 0 0 0 0 0 0 0 0])
  ("rdest" .
   [1 0 0 0 0])
  ("dest" .
   [4 0 0 0])
  ("j" .
   [7])
  ("i" .
   [14])
  ("ft_print_board" .
   [1 0 0 0 0 0 0 0 0 0 0 0 0 0])
  ("./include/" .
   [0 0 0 0 0 2 0 0 0 0])
  ("/include/" .
   [1 0 0 0 0 0 0 0 0])
  ("EXEC" .
   [2 0 0 0])
  ("clean" .
   [3 0 0 0 0])
  ("ft_create_elmt" .
   [2 0 0 0 0 0 0 0 0 0 0 0 0 0])
  ("const" .
   [4 0 0 0 0])
  ("z" .
   [6])
  ("x" .
   [5])
  ("(size_t n, char *str)" .
   [0 0 0 0 0 0 0 0 0 0 0 0 0 0 0 0 0 0 0 0 1])
  ("ft_new_board" .
   [2 0 0 0 0 0 1 0 0 0 0 0])
  ("ft_strlen" .
   [2 0 0 0 0 0 0 0 0])
  ("before" .
   [2 0 0 0 0 0])
  ("size_t" .
   [20 0 0 0 0 0])
  ("buf" .
   [8 0 0])
  ("BUF_SIZE" .
   [2 0 0 0 0 0 0 0])
  ("lenread" .
   [1 0 0 1 0 0 0])
  ("argv" .
   [3 0 0 0])
  ("sys" .
   [1 0 0])
  ("temp" .
   [10 0 0 0])
  ("memory" .
   [2 0 0 0 0 0])
  ("t_list" .
   [4 0 0 0 0 0])
  ("content_size" .
   [1 0 0 0 0 0 0 0 0 0 0 0])
  ("ft_lstnew" .
   [1 0 0 0 0 0 0 0 0])
  ("content" .
   [8 0 0 0 0 0 0])
  ("f" .
   [6])
  ("new" .
   [43 0 0])
  ("lst" .
   [6 0 0])
  ("0" .
   [41])
  ("commit" .
   [1 0 0 0 0 0])
  ("snippet-insert" .
   [0 0 1 0 0 0 0 0 0 0 0 0 0 0])
  ("snippet" .
   [0 0 0 0 0 0 1])
  ("require" .
   [0 0 0 0 0 1 0])
  ("cdr" .
   [0 0 1])
  ("45" .
   [1 0])
  ("ft_putstr" .
   [19 0 1 1 0 0 2 0 1])
  ("stdio" .
   [1 0 0 0 0])
  ("~/.zsh/prompt/zshrc.sh" .
   [0 0 0 0 0 0 0 0 0 1 0 0 0 0 0 0 0 0 0 0 0 0])
  ("./libft/" .
   [0 0 0 1 0 0 0 0])
  ("SUB_MAKE" .
   [3 0 0 0 0 0 0 0])
  ("-lft" .
   [1 0 0 0])
  ("ifdef" .
   [3 0 1 0 0])
  ("OBJS" .
   [1 0 0 0])
  ("DIRSRC" .
   [6 0 0 5 0 0])
  ("-L$" .
   [1 0 0])
  ("SRC" .
   [8 0 1])
  ("-Werror" .
   [1 0 0 0 0 0 0])
  ("-Wextra" .
   [0 0 0 1 0 0 0])
  ("debug" .
   [1 0 0 0 0])
  ("ifeq" .
   [1 0 0 0])
  ("endif" .
   [6 0 0 0 0])
  ("FLAGS" .
   [2 0 0 0 0])
  ("stdarg" .
   [0 0 0 1 0 0])
  ("flags" .
   [3 0 0 0 0])
  ("ft_add_nstr_end" .
   [0 0 0 0 0 0 1 0 0 0 0 0 0 0 0])
  ("arg" .
   [7 0 0])
  ("va_list" .
   [1 0 1 0 0 0 2])
  ("config_files" .
   [0 0 0 0 0 0 0 0 0 0 0 2])
  ("setq" .
   [2 0 0 0])
  ("set" .
   [1 0 0])
  ("file-exists-p" .
   [0 0 0 0 0 0 0 0 0 0 0 0 2])
  ("file-modes" .
   [0 0 0 0 2 0 0 0 0 0])
  ("tmp3" .
   [7 0 0 0])
  ("union" .
   [0 0 1 0 0])
  ("len" .
   [12 0 0])
  ("run_data" .
   [0 0 0 2 0 0 1 0])
  ("tmp2" .
   [15 0 0 0])
  ("t_data" .
   [4 0 0 0 0 0])
  ("data" .
   [12 0 0 0])
  ("ft_strcmp" .
   [0 0 0 0 0 0 0 1 0])
  ("include" .
   [18 0 0 0 0 0 0])
  ("while" .
   [9 0 0 0 0])
  ("child" .
   [4 0 0 0 0])
  ("next" .
   [21 0 0 0])
  ("name" .
   [15 0 0 0])
  ("path" .
   [4 0 0 0])
  ("ft_putchar" .
   [1 0 0 0 0 0 1 0 0 0])
  ("tmp" .
   [38 0 0])
  ("type" .
   [9 0 0 1])
  ("10" .
   [3 0])
  ("INC_LIB" .
   [1 0 0 1 0 0 0])
  ("struct" .
   [1 0 0 0 0 0])
  ("typedef" .
   [1 0 0 0 0 0 0])
  ("av" .
   [1 0])
  ("ac" .
   [1 0])
  ("str" .
   [24 0 0])
  ("param_l" .
   [0 0 0 0 1 0 0])
  ("param" .
   [5 0 0 0 0])
  ("char" .
   [32 0 0 0])
  ("done" .
   [1 0 0 0])
  ("libft" .
   [0 0 0 1 0])
  ("OBJ" .
   [9 0 2])
  ("OBJDIR" .
   [4 0 0 0 0 0])
  ("SRCDIR" .
   [0 0 0 0 1 0])
  ("sources" .
   [1 0 0 0 0 0 0])
  ("load-file" .
   [1 0 0 0 0 0 0 0 0])
  ("plop" .
   [3 0 0 0])
  ("printf" .
   [29 0 0 0 0 0])
  ("message" .
   [0 0 0 0 0 0 1])
  ("return" .
   [35 0 0 0 0 0])
  ("void" .
   [17 0 0 0])
  ("main" .
   [7 0 0 0])
  ("int" .
   [31 0 1])
  ("LIB" .
   [3 0 0])
  ("MAKE" .
   [1 0 0 0])
  ("fclean" .
   [1 0 0 0 0 0])
  ("ret" .
   [24 0 0])
  ("fd" .
   [10 0])
  ("free" .
   [1 0 0 0])
  ("else" .
   [20 0 0 0])
  ("if" .
   [47 0])
  ("get_next_line" .
   [0 0 0 1 0 0 0 0 0 0 0 0 0])
  ("str2" .
   [2 0 0 0])
  ("file" .
   [2 0 0 0])
  ("readdir" .
   [1 0 0 0 0 0 0])
  ("dir" .
   [1 0 0])
  ("initialize_data" .
   [0 0 0 0 0 0 0 1 0 0 0 0 0 0 0])
  ("NULL" .
   [30 0 0 0])
  ("delete-selection-mode" .
   [0 0 0 0 0 0 0 0 0 0 0 1 0 0 0 0 0 0 0 0 0])
  ("-Wall" .
   [1 0 0 0 0])
  ("DIROBJ" .
   [1 0 0 9 1 0])
  ("./Makefile" .
   [0 0 0 1 0 0 0 0 0 0])
  ("Makefile2" .
   [0 0 4 1 3 0 0 0 0])
  ("FILES" .
   [1 0 0 0 0])
  ("echo" .
   [10 0 0 0])
  ("array" .
   [5 0 0 0 0])
  ("$i++" .
   [1 0 0 0])
  ("$plop" .
   [1 0 0 0 0])
  ("cat" .
   [2 0 0])
  ("my_array=" .
   [0 0 0 0 0 0 0 1 0])
  ("t_flag" .
   [2 0 1 0 1 0])
  ("flag" .
   [42 0 0 0])
  ("prec" .
   [14 0 0 0])
  ("larg" .
   [12 0 0 0])
  ("space" .
   [7 0 0 1 0])
  ("malloc" .
   [1 0 0 0 1 0])
  ("sizeof" .
   [1 0 0 0 0 1])
  ("len_number_option" .
   [0 0 0 0 1 0 0 0 0 0 0 0 0 0 0 0 0])
  ("put_space_option" .
   [0 0 0 0 0 1 0 0 0 0 0 0 0 0 0 0])
  ("zero" .
   [4 0 0 0])
  ("source" .
   [1 0 0 0 0 0])
  ("~/.zsh/zsh-vcs-prompt/" .
   [0 0 0 0 0 0 0 0 0 0 1 0 0 0 0 0 0 0 0 0 0 0])
  ("~/.zsh/zsh-vcs-prompt/zshrc.sh" .
   [0 0 0 0 0 0 0 0 0 0 0 0 0 0 0 0 0 0 0 0 0 0 1 0 0 0 0 0 0 0])
  ("~/.zsh/prompt/git.sh" .
   [0 0 0 0 0 0 0 0 0 0 0 0 0 0 0 0 0 1 0 0])
  ("~/.zsh/prompt/" .
   [0 0 0 0 0 0 0 0 0 1 0 0 0 0])
  ("~/.zsh/prompt.zsh" .
   [0 0 0 0 0 0 0 0 0 1 0 0 0 0 0 0 0])
  ("~/.zsh/prompt/git_prompt.sh" .
   [0 0 0 0 0 0 0 0 0 0 0 0 0 0 0 1 0 0 0 0 0 0 0 0 0 0 0])
  ("export" .
   [2 0 0 0 0 0])
  ("alias" .
   [4 0 0 0 0])
  ("dot" .
   [7 0 0])
  ("124567" .
   [1 0 0 0 0 0])
  ("1234678" .
   [0 0 0 1 0 0 0])
  ("beg" .
   [2 0 0])
  ("signe" .
   [2 0 0 0 0])
  ("input" .
   [5 0 0 1 0])
  ("beg_input" .
   [0 0 0 0 1 0 0 0 0])
  ("right" .
   [2 0 0 0 0])
  ("12456" .
   [1 0 0 0 0])
  ("git" .
   [1 0 0])
  ("prin" .
   [0 0 0 1])
  ("s" .
   [1])
  ("calc_larg" .
   [0 0 0 0 0 0 0 0 1])
  ("(char **str, int *flag)" .
   [0 0 0 0 0 0 0 0 0 0 0 0 0 0 0 0 0 0 0 0 0 0 2])
  ("strtoq" .
   [0 0 0 0 0 1])
  ("cal_prec" .
   [1 0 0 1 0 0 0 0])
  ("overlay" .
   [0 0 0 0 1 0 0])
  ("overlay-start" .
   [1 0 0 0 0 0 0 0 0 0 0 0 0])
  ("ft_open_rdly" .
   [0 0 0 0 1 0 0 0 0 0 0 0])
  ("ft_init_list" .
   [3 0 0 0 0 0 0 0 1 0 0 0])
  ("piece" .
   [3 0 0 0 0])
  ("./ft_list_push_back.c" .
   [0 0 0 0 0 0 0 0 0 1 0 0 0 0 0 0 0 0 0 0 0])
  ("do" .
   [0 1])
  ("define" .
   [0 0 0 0 0 1])
  ("PATH" .
   [5 0 0 0])
  ("./include/libft.a" .
   [0 0 0 0 0 0 0 0 0 0 1 0 0 0 0 0 0])
  ("PATH2" .
   [8 0 0 0 0])
  ("PATH1" .
   [9 0 0 0 0])
  ("INC" .
   [1 0 0])
  ("TRASH" .
   [4 0 0 0 0])
  ("Makefile" .
   [1 0 0 0 0 0 0 0])
  ("FILE" .
   [6 0 0 0])
  ("c=$" .
   [1 0 0])
  ("PATH3" .
   [2 0 0 0 0])
  ("gcc" .
   [4 0 0])
  ("obj/%" .
   [1 0 0 0 0])
  ("FLAG" .
   [1 0 0 0])
  ("HEAD" .
   [2 0 0 0])
  ("AWHICH" .
   [1 0 0 0 0 0])
  ("tab" .
   [5 0 0])
  ("map" .
   [3 0 0])
  ("c" .
   [1])
  ("ft_lstcpy" .
   [0 0 0 1 0 0 0 0 0])
  ("src" .
   [6 0 0])
  ("./include/libft.h" .
   [0 0 0 0 0 0 0 0 0 0 0 0 0 0 0 1 0])
  ("./ZG1" .
   [0 0 1 0 0])
  ("./include/lib_fillit.h" .
   [0 0 0 0 0 0 0 0 0 0 1 0 0 0 0 0 0 0 0 0 0 0])
  ("tetri" .
   [1 0 0 0 0])))
